2 0.3981328125 0.10048611111111111 0.03673242187499994 0.13496527777777778
2 0.360578125 0.10211111111111111 0.032197265624999985 0.10970138888888886
4 0.3986953125 0.07925 0.024001953124999975 0.055267361111111135
1 0.36112500000000003 0.07694444444444444 0.027468749999999976 0.0460034722222222
0 0.398953125 0.04584722222222222 0.01872070312499998 0.02826041666666668
2 0.711265625 0.5156944444444445 0.06329296875000008 0.26105902777777773
2 0.7499374999999999 0.48512500000000003 0.07671875000000003 0.24279166666666674
2 0.713640625 0.44120833333333337 0.08968945312500001 0.2584930555555556
0 0.76790625 0.39745833333333336 0.035978515625000006 0.05822916666666676
3 0.7187265625 0.35111111111111115 0.03154101562499996 0.06394097222222225
3 0.7213125 0.4128055555555556 0.03422656249999996 0.060729166666666695
4 0.7616953125 0.4497777777777777 0.05593554687500006 0.10241666666666668
1 0.71684375 0.47851388888888885 0.06956054687499993 0.12034375000000005
1 0.71790625 0.4031388888888889 0.046615234375000016 0.10722569444444442