2 0.3581171875 0.10677777777777778 0.035287109375000014 0.14138194444444446
2 0.3998046875 0.10040277777777779 0.03505273437500005 0.13155208333333335
2 0.873828125 0.9 0.09140625 0.2
2 0.86484375 0.86875 0.1265625 0.2625
2 0.833171875 0.7660138888888889 0.13823046874999995 0.30915972222222227
2 0.816015625 0.6209861111111111 0.10391992187499995 0.2864895833333334
3 0.401859375 0.05 0.014753906249999994 0.027572916666666655
3 0.3625 0.05038888888888889 0.01582617187499995 0.026118055555555564
1 0.36139062499999997 0.07608333333333334 0.027082031250000062 0.05273611111111111
4 0.401484375 0.08523611111111111 0.028968749999999942 0.05708333333333335
1 0.8282890625 0.574861111111111 0.06861132812500018 0.12919791666666672
1 0.8466875 0.721875 0.07724804687500005 0.1415347222222222
1 0.876171875 0.9256944444444445 0.08203125 0.1486111111111111
4 0.8815625 0.8455277777777778 0.0710332031250001 0.10816319444444453
3 0.8929218750000001 0.8379305555555555 0.039046875000000016 0.07491666666666674
3 0.8579531250000001 0.6556111111111111 0.0342656250000001 0.07083333333333333
0 0.8381953125000001 0.5185277777777777 0.0343398437500003 0.06019444444444449
0 0.8945546875 0.784375 0.04038476562499973 0.07228819444444462