0 0.4062421875 0.050097222222222224 0.013601562500000063 0.022097222222222216
4 0.404015625 0.08650000000000001 0.01875 0.05465277777777777
2 0.40368750000000003 0.10019444444444445 0.029265625000000028 0.1235138888888889
2 0.35978125 0.09795833333333334 0.027859374999999974 0.09952777777777777
1 0.3605703125 0.0796111111111111 0.020101562500000014 0.04208333333333333
1 0.5037499999999999 0.21988888888888888 0.02742187499999993 0.07494444444444441
3 0.5037109375 0.1701111111111111 0.01657812500000002 0.02784722222222224
2 0.504984375 0.24713888888888888 0.043546875000000006 0.18312500000000004
3 0.5525156250000001 0.0753888888888889 0.02817968749999995 0.1056388888888889
4 0.557109375 0.033305555555555554 0.011367187499999964 0.02269444444444444
4 0.555265625 0.05452777777777777 0.020632812500000063 0.03949999999999999
1 0.633859375 0.06847222222222221 0.019367187499999973 0.049069444444444464
3 0.633765625 0.03863888888888889 0.015031250000000006 0.015250000000000005
2 0.630015625 0.07970833333333334 0.02943750000000005 0.10180555555555554
2 0.814203125 0.6447083333333332 0.10057812500000018 0.29059722222222223
1 0.8234999999999999 0.6048055555555555 0.0525390625 0.12037499999999994
2 0.8773671875 0.6399305555555556 0.07250000000000015 0.26915277777777774
3 0.8962109375 0.5281527777777778 0.0232421875 0.048736111111111154
3 0.8297109375 0.5275416666666667 0.02527343749999993 0.04459722222222224
4 0.8873359375 0.5889583333333334 0.05027343749999993 0.11786111111111112