2 0.73221875 0.5131944444444444 0.07451562500000009 0.24851388888888898
2 0.7270859375 0.4741388888888889 0.05890625000000007 0.22384722222222217
2 0.7025234375 0.4274444444444444 0.05959374999999998 0.2224861111111112
2 0.7579453125 0.17852777777777776 0.034757812500000006 0.1328888888888889
2 0.7168515625 0.1750972222222222 0.039281249999999976 0.1349444444444444
2 0.394625 0.09845833333333333 0.024234374999999985 0.13091666666666668
3 0.3583046875 0.10575 0.026953125 0.11119444444444444
3 0.7136875 0.3378611111111111 0.022789062500000058 0.03940277777777779
3 0.7461562500000001 0.4145 0.02153906249999995 0.04512500000000001
0 0.7398984375000001 0.38106944444444446 0.021320312499999973 0.040013888888888814
0 0.3966640625 0.04691666666666667 0.01813281250000003 0.024138888888888883
4 0.397328125 0.08091666666666666 0.016734374999999968 0.047430555555555545
4 0.7335546875000001 0.4289861111111111 0.03436718750000001 0.08400000000000002
1 0.360890625 0.0761111111111111 0.021999999999999974 0.03604166666666665
1 0.7202734375000001 0.15180555555555558 0.020875000000000022 0.05694444444444444
1 0.759625 0.15963888888888889 0.02810156250000002 0.05830555555555558
1 0.7057265625 0.39577777777777773 0.038023437500000055 0.10874999999999993
0 0.7421171875 0.4769444444444444 0.05105468749999993 0.09770833333333337
3 0.7206875 0.11859722222222223 0.020703125 0.024500000000000022
3 0.7623671875 0.1234861111111111 0.018593749999999964 0.023555555555555566