2 0.4057578125 0.1094722222222222 0.031578125000000054 0.14015277777777774
2 0.36129687499999996 0.09781944444444446 0.029312499999999984 0.09601388888888888
2 0.7229140625 0.6136666666666666 0.0807578125000001 0.29506944444444433
2 0.8314609374999999 0.7615555555555557 0.13679687499999993 0.2964444444444445
2 0.89296875 0.9118055555555555 0.1 0.1763888888888889
2 0.911359375 0.8134861111111111 0.09978124999999985 0.23111111111111124
0 0.9346328125 0.736361111111111 0.039898437500000127 0.07036111111111122
3 0.9189296875 0.8665972222222222 0.05037500000000002 0.06366666666666655
3 0.8599375 0.6597222222222222 0.043679687499999884 0.06290277777777772
3 0.7349140625 0.5027777777777778 0.030093749999999985 0.05701388888888882
1 0.7320703125 0.5818888888888889 0.05842968749999997 0.11813888888888897
1 0.84784375 0.7225694444444445 0.079296875 0.14063888888888887
1 0.891796875 0.93125 0.08671875 0.1375
4 0.9234296875 0.7915694444444443 0.059453124999999926 0.11281944444444447
2 0.8749218750000001 0.3138472222222222 0.05256250000000016 0.15629166666666672
1 0.8785859374999999 0.299875 0.037484375000000014 0.07651388888888885
3 0.882859375 0.25340277777777775 0.02028125000000003 0.028597222222222187
1 0.3612578125 0.07886111111111112 0.019960937499999963 0.03947222222222224
3 0.362546875 0.05509722222222223 0.010718750000000022 0.011319444444444453
4 0.40726562499999996 0.08308333333333333 0.025624999999999964 0.05358333333333333
0 0.407484375 0.050902777777777776 0.01789062500000007 0.020513888888888884