2 0.3581171875 0.10677777777777778 0.03255468749999997 0.1391388888888889
2 0.3998046875 0.10040277777777779 0.02536718750000002 0.12759722222222222
2 0.87421875 0.9027777777777778 0.084375 0.19444444444444445
2 0.865109375 0.8739722222222223 0.11190625000000018 0.2520555555555556
2 0.833171875 0.7660138888888889 0.12635937499999983 0.2935833333333335
2 0.816015625 0.6209861111111111 0.09614843750000013 0.27929166666666655
3 0.401859375 0.05 0.013703124999999972 0.02556944444444444
3 0.3625 0.05038888888888889 0.01486718749999998 0.023916666666666666
1 0.36139062499999997 0.07608333333333334 0.023953124999999974 0.048444444444444436
4 0.401484375 0.08523611111111111 0.02681249999999995 0.05333333333333332
1 0.8282890625 0.574861111111111 0.06428906249999997 0.12234722222222226
1 0.8466875 0.721875 0.07461718750000017 0.13697222222222208
1 0.8765625 0.9277777777777778 0.0765625 0.14444444444444443
4 0.8815625 0.8455277777777778 0.07007031250000004 0.10487499999999998
3 0.8929218750000001 0.8379305555555555 0.03431250000000006 0.06772222222222221
3 0.8579531250000001 0.6556111111111111 0.03081250000000004 0.06666666666666667
0 0.8381953125000001 0.5185277777777777 0.03189062500000013 0.056055555555555574
0 0.8945546875 0.784375 0.03653906249999998 0.06554166666666675