2 0.734359375 0.5220694444444445 0.09035937500000006 0.2612430555555556
2 0.7166875 0.42600000000000005 0.06571875000000009 0.22241666666666665
2 0.7490703125 0.47861111111111115 0.07579687499999999 0.2407048611111111
1 0.7205078125 0.39455555555555555 0.04850390625000003 0.1096215277777778
1 0.7338046874999999 0.49177777777777776 0.05327343750000004 0.1225034722222222
4 0.7546796875 0.45843055555555556 0.040658203125000014 0.11620833333333327
3 0.75634375 0.38797222222222216 0.02666406249999991 0.046145833333333365
3 0.7282656249999999 0.3405694444444445 0.024263671875000094 0.046111111111111096
3 0.737609375 0.4209444444444444 0.02809374999999985 0.04769444444444449
2 0.39790625 0.10388888888888889 0.030582031250000075 0.14048958333333333
2 0.3601328125 0.10190277777777779 0.03880468749999997 0.12332986111111113
4 0.39829687499999994 0.08027777777777777 0.020500000000000008 0.05005555555555555
1 0.360515625 0.07997222222222222 0.02556835937500006 0.045999999999999965
0 0.3970234375 0.04988888888888889 0.01962890625 0.02730208333333333
3 0.361015625 0.059708333333333335 0.016359375000000044 0.018951388888888882