2 0.4057578125 0.1094722222222222 0.04129296875000001 0.1447604166666666
2 0.36129687499999996 0.09781944444444446 0.034867187499999994 0.10004513888888888
2 0.7229140625 0.6136666666666666 0.09831445312499998 0.3067534722222223
2 0.8314609374999999 0.7615555555555557 0.14064453125000007 0.30154166666666654
2 0.892578125 0.90625 0.11171875 0.1875
2 0.911359375 0.8134861111111111 0.10248437499999988 0.234861111111111
0 0.9346328125 0.736361111111111 0.04161523437499994 0.07384027777777773
3 0.9189296875 0.8665972222222222 0.053023437499999916 0.07181944444444449
3 0.8599375 0.6597222222222222 0.04783398437499997 0.07440625
3 0.7349140625 0.5027777777777778 0.034476562500000085 0.06425347222222229
1 0.7320703125 0.5818888888888889 0.065388671875 0.12814583333333332
1 0.84784375 0.7225694444444445 0.08662109375 0.15286805555555563
1 0.89140625 0.9277777777777778 0.0921875 0.14444444444444443
4 0.9234296875 0.7915694444444443 0.06720703125000008 0.1254270833333335
2 0.8749218750000001 0.3138472222222222 0.06275000000000013 0.16442013888888887
1 0.8785859374999999 0.299875 0.03749609375000027 0.07642013888888886
3 0.882859375 0.25340277777777775 0.02049999999999983 0.02937152777777775
1 0.3612578125 0.07886111111111112 0.020810546874999947 0.04042361111111114
3 0.362546875 0.05509722222222223 0.011078124999999961 0.012899305555555548
4 0.40726562499999996 0.08308333333333333 0.028671875000000034 0.057145833333333326
0 0.407484375 0.050902777777777776 0.018730468750000107 0.023878472222222235