2 0.734359375 0.5220694444444445 0.08762500000000006 0.2598541666666667
2 0.7166875 0.42600000000000005 0.05712500000000009 0.21790277777777775
2 0.7490703125 0.47861111111111115 0.05802343749999998 0.23237152777777778
1 0.7205078125 0.39455555555555555 0.04928515625000003 0.11101041666666668
1 0.7338046874999999 0.49177777777777776 0.05171093750000004 0.1207673611111111
4 0.7546796875 0.45843055555555556 0.04085351562500002 0.1165555555555555
3 0.75634375 0.38797222222222216 0.028031249999999907 0.04857638888888892
3 0.7282656249999999 0.3405694444444445 0.02504492187500009 0.04749999999999999
3 0.737609375 0.4209444444444444 0.02809374999999985 0.04769444444444449
2 0.39790625 0.10388888888888889 0.033707031250000075 0.14153125
2 0.3601328125 0.10190277777777779 0.03294531249999997 0.11951041666666669
4 0.39829687499999994 0.08027777777777777 0.018742187500000007 0.04762499999999999
1 0.360515625 0.07997222222222222 0.02420117187500006 0.04356944444444445
0 0.3970234375 0.04988888888888889 0.01962890625 0.02556597222222222
3 0.361015625 0.059708333333333335 0.016945312500000042 0.019645833333333328