2 0.73221875 0.5131944444444444 0.08581640625000002 0.2572673611111112
2 0.7270859375 0.4741388888888889 0.060820312500000105 0.2250590277777778
2 0.7025234375 0.4274444444444444 0.06880468749999995 0.22888541666666667
2 0.7579453125 0.17852777777777776 0.034470703125000134 0.13218055555555558
2 0.7168515625 0.1750972222222222 0.04790624999999995 0.14172222222222217
2 0.394625 0.09845833333333333 0.029691406249999906 0.13307638888888892
3 0.3583046875 0.10575 0.02958984375 0.11252083333333335
3 0.7136875 0.3378611111111111 0.025423828125000013 0.04422569444444441
3 0.7461562500000001 0.4145 0.02511132812500012 0.050864583333333414
0 0.7398984375000001 0.38106944444444446 0.022126953124999994 0.041600694444444426
0 0.3966640625 0.04691666666666667 0.01859570312500001 0.024784722222222222
4 0.397328125 0.08091666666666666 0.019808593749999926 0.050052083333333344
4 0.7335546875000001 0.4289861111111111 0.040427734374999955 0.09044444444444445
1 0.360890625 0.0761111111111111 0.02425000000000006 0.04130208333333331
1 0.7202734375000001 0.15180555555555558 0.02318750000000005 0.059375
1 0.759625 0.15963888888888889 0.03222070312500005 0.06422916666666667
1 0.7057265625 0.39577777777777773 0.04290429687500001 0.11364583333333324
0 0.7421171875 0.4769444444444444 0.05788085937499989 0.10949652777777774
3 0.7206875 0.11859722222222223 0.02138671875 0.026263888888888885
3 0.7623671875 0.1234861111111111 0.018710937500000035 0.0246388888888889