2 0.4057578125 0.1094722222222222 0.03387109375000001 0.14163541666666662
2 0.36129687499999996 0.09781944444444446 0.029203124999999996 0.09587847222222222
2 0.7229140625 0.6136666666666666 0.10163476562499998 0.30848958333333343
2 0.8314609374999999 0.7615555555555557 0.14748046875000007 0.31126388888888873
2 0.892578125 0.9076388888888889 0.10859375 0.18472222222222223
2 0.911359375 0.8134861111111111 0.10424218749999987 0.23763888888888876
0 0.9346328125 0.736361111111111 0.04122460937499994 0.07245138888888884
3 0.9189296875 0.8665972222222222 0.053999999999999916 0.0749444444444445
3 0.8599375 0.6597222222222222 0.04588085937499997 0.06711458333333332
3 0.7349140625 0.5027777777777778 0.03271875000000009 0.061128472222222285
1 0.7320703125 0.5818888888888889 0.06245898437499999 0.1246736111111111
1 0.84784375 0.7225694444444445 0.08134765625 0.14418750000000008
1 0.89140625 0.9270833333333334 0.09375 0.14583333333333334
4 0.9234296875 0.7915694444444443 0.06681640625000007 0.12473263888888905
2 0.8749218750000001 0.3138472222222222 0.05708593750000013 0.16060069444444444
1 0.8785859374999999 0.299875 0.04316015625000027 0.08579513888888886
3 0.882859375 0.25340277777777775 0.02186718749999983 0.03249652777777775
1 0.3612578125 0.07886111111111112 0.022763671874999947 0.043201388888888914
3 0.362546875 0.05509722222222223 0.011078124999999961 0.012552083333333325
4 0.40726562499999996 0.08308333333333333 0.029843750000000037 0.05853472222222222
0 0.407484375 0.050902777777777776 0.018730468750000107 0.02318402777777779