0 0.4062421875 0.050097222222222224 0.013947265624999972 0.02219097222222223
4 0.404015625 0.08650000000000001 0.0203125 0.05567708333333334
2 0.40368750000000003 0.10019444444444445 0.03055859375000001 0.1246284722222222
2 0.35978125 0.09795833333333334 0.03176953124999997 0.10161805555555554
1 0.3605703125 0.0796111111111111 0.019869140625000004 0.04177083333333334
1 0.5037499999999999 0.21988888888888888 0.02814453125000007 0.07602777777777779
3 0.5037109375 0.1701111111111111 0.01703515625000005 0.029184027777777764
2 0.504984375 0.24713888888888888 0.058347656250000136 0.19022569444444443
3 0.5525156250000001 0.0753888888888889 0.029896484374999942 0.10696527777777776
4 0.557109375 0.033305555555555554 0.012607421875000035 0.024770833333333336
4 0.555265625 0.05452777777777777 0.02195507812499997 0.041819444444444444
1 0.633859375 0.06847222222222221 0.02241992187499999 0.052545138888888905
3 0.633765625 0.03863888888888889 0.015671874999999957 0.019090277777777782
2 0.630015625 0.07970833333333334 0.02923437499999988 0.10149305555555557
2 0.814203125 0.6447083333333332 0.10619921874999996 0.2959131944444446
1 0.8234999999999999 0.6048055555555555 0.057080078125 0.1262743055555554
2 0.8773671875 0.6399305555555556 0.09234375000000021 0.28187152777777774
3 0.8962109375 0.5281527777777778 0.023583984375 0.04968402777777783
3 0.8297109375 0.5275416666666667 0.02506835937500007 0.04448263888888893
4 0.8873359375 0.5889583333333334 0.051630859375000074 0.11939583333333338