2 0.3991015625 0.0973888888888889 0.02194726562499998 0.12646527777777777
2 0.359234375 0.09391666666666668 0.031386718750000056 0.0987986111111111
2 0.586859375 0.048138888888888884 0.025228515625000014 0.09339930555555556
2 0.6095703125 0.0515 0.0258417968749999 0.10032638888888887
2 0.703703125 0.4302638888888889 0.060935546874999955 0.23470486111111122
2 0.7331796875000001 0.47380555555555554 0.07415625000000006 0.2411840277777778
2 0.7342421875 0.5176666666666667 0.07800976562500014 0.25821180555555556
0 0.745296875 0.3790972222222222 0.030923828124999986 0.044489583333333214
4 0.7415859375 0.43633333333333335 0.046808593749999974 0.1015347222222221
3 0.712703125 0.33466666666666667 0.024058593750000058 0.04176388888888888
3 0.74475 0.4167916666666666 0.0242792968749999 0.04307291666666657
3 0.6076718750000001 0.010888888888888889 0.01251757812499985 0.01640277777777778
3 0.589140625 0.009791666666666666 0.013261718750000106 0.014500000000000002
0 0.3978203125 0.04763888888888888 0.011787109374999983 0.02234375000000001
1 0.35964843750000003 0.07652777777777778 0.027115234374999984 0.04299652777777777
1 0.588640625 0.03226388888888889 0.019283203124999915 0.04151388888888888
1 0.6088281249999999 0.03847222222222223 0.021980468749999992 0.04585416666666667
1 0.7058125000000001 0.39816666666666667 0.04790234375000004 0.09842708333333326
4 0.3983046874999999 0.09456944444444446 0.022548828124999965 0.08029861111111111
1 0.7420078125 0.48125 0.05453124999999996 0.11031944444444454