2 0.734359375 0.5220694444444445 0.07628125000000008 0.2505277777777778
2 0.7166875 0.42600000000000005 0.05428125000000002 0.21605555555555547
2 0.7490703125 0.47861111111111115 0.056312499999999946 0.23087500000000002
1 0.7205078125 0.39455555555555555 0.043234374999999936 0.10376388888888893
1 0.7338046874999999 0.49177777777777776 0.05137499999999999 0.12056944444444452
4 0.7546796875 0.45843055555555556 0.03919531250000006 0.11483333333333326
3 0.75634375 0.38797222222222216 0.024624999999999987 0.04291666666666664
3 0.7282656249999999 0.3405694444444445 0.022835937500000014 0.04416666666666668
3 0.737609375 0.4209444444444444 0.027218749999999937 0.04633333333333335
2 0.39790625 0.10388888888888889 0.02467187500000003 0.1383472222222222
2 0.3601328125 0.10190277777777779 0.03099999999999996 0.11831944444444444
4 0.39829687499999994 0.08027777777777777 0.01793750000000003 0.04744444444444444
1 0.360515625 0.07997222222222222 0.023367187499999977 0.04233333333333332
0 0.3970234375 0.04988888888888889 0.018359375 0.023097222222222217
3 0.361015625 0.059708333333333335 0.016218749999999994 0.01747222222222222