2 0.3581171875 0.10677777777777778 0.03743554687500002 0.14172916666666668
2 0.3998046875 0.10040277777777779 0.02802148437500005 0.12912152777777777
2 0.873828125 0.9006944444444445 0.08984375 0.1986111111111111
2 0.86484375 0.86875 0.1265625 0.2625
2 0.833171875 0.7660138888888889 0.13393359374999997 0.30395138888888895
2 0.816015625 0.6209861111111111 0.10040429687499994 0.28336458333333336
3 0.401859375 0.05 0.013972656249999993 0.025489583333333322
3 0.3625 0.05038888888888889 0.01699804687499995 0.027506944444444455
1 0.36139062499999997 0.07608333333333334 0.02591015625000006 0.05134722222222222
4 0.401484375 0.08523611111111111 0.029749999999999943 0.05847222222222223
1 0.8282890625 0.574861111111111 0.06724414062500017 0.12780902777777783
1 0.8466875 0.721875 0.08037304687500005 0.14604861111111106
1 0.876171875 0.9229166666666667 0.08671875 0.15416666666666667
4 0.8815625 0.8455277777777778 0.0770878906250001 0.12066319444444452
3 0.8929218750000001 0.8379305555555555 0.03767968750000002 0.07352777777777786
3 0.8579531250000001 0.6556111111111111 0.0319218750000001 0.06805555555555555
0 0.8381953125000001 0.5185277777777777 0.033558593750000296 0.059500000000000046
0 0.8945546875 0.784375 0.04058007812499973 0.07332986111111128