2 0.3991015625 0.0973888888888889 0.017476562499999914 0.12530555555555556
2 0.359234375 0.09391666666666668 0.026328125000000036 0.09519444444444447
2 0.586859375 0.048138888888888884 0.020445312500000055 0.09165277777777779
2 0.6095703125 0.0515 0.024460937499999957 0.09991666666666667
2 0.703703125 0.4302638888888889 0.05155468750000001 0.22909722222222212
2 0.7331796875000001 0.47380555555555554 0.06381250000000005 0.23279166666666667
2 0.7342421875 0.5176666666666667 0.06516406250000006 0.24951388888888887
0 0.745296875 0.3790972222222222 0.029164062499999942 0.041847222222222216
4 0.7415859375 0.43633333333333335 0.04504687500000006 0.09919444444444439
3 0.712703125 0.33466666666666667 0.02201562500000005 0.03788888888888893
3 0.74475 0.4167916666666666 0.024460937499999957 0.043124999999999934
3 0.6076718750000001 0.010888888888888889 0.012570312499999936 0.015611111111111114
3 0.589140625 0.009791666666666667 0.01320312500000007 0.014944444444444444
0 0.3978203125 0.04763888888888888 0.011992187500000018 0.022708333333333327
1 0.35964843750000003 0.07652777777777778 0.024085937500000033 0.03726388888888889
1 0.588640625 0.03226388888888889 0.016195312500000014 0.03827777777777777
1 0.6088281249999999 0.03847222222222223 0.02073437499999997 0.044527777777777784
1 0.7058125000000001 0.39816666666666667 0.04473437499999999 0.09231944444444448
4 0.3983046874999999 0.09456944444444446 0.021445312500000036 0.07952777777777777
1 0.7420078125 0.48125 0.04703125000000004 0.10100000000000003