0 0.4062421875 0.050097222222222224 0.014142578124999972 0.022538194444444454
4 0.404015625 0.08650000000000001 0.0232421875 0.058107638888888896
2 0.40368750000000003 0.10019444444444445 0.03192578125000001 0.12497569444444442
2 0.35978125 0.09795833333333334 0.03020703124999997 0.1009236111111111
1 0.3605703125 0.0796111111111111 0.022798828125000004 0.045937500000000006
1 0.5037499999999999 0.21988888888888888 0.03107421875000007 0.07880555555555557
3 0.5037109375 0.1701111111111111 0.01781640625000005 0.03057291666666665
2 0.504984375 0.24713888888888888 0.059324218750000136 0.19022569444444443
3 0.5525156250000001 0.0753888888888889 0.03516992187499994 0.10974305555555554
4 0.557109375 0.033305555555555554 0.012412109375000036 0.024770833333333336
4 0.555265625 0.05452777777777777 0.022736328124999972 0.043208333333333335
1 0.633859375 0.06847222222222221 0.02241992187499999 0.052545138888888905
3 0.633765625 0.03863888888888889 0.015671874999999957 0.018048611111111116
2 0.630015625 0.07970833333333334 0.03333593749999988 0.10427083333333335
2 0.814203125 0.6447083333333332 0.12104296874999995 0.3087604166666668
1 0.8234999999999999 0.6048055555555555 0.053173828125 0.1210659722222221
2 0.8773671875 0.6399305555555556 0.07828125000000022 0.27388541666666666
3 0.8962109375 0.5281527777777778 0.024951171875 0.05107291666666672
3 0.8297109375 0.5275416666666667 0.02799804687500007 0.04969097222222227
4 0.8873359375 0.5889583333333334 0.05924804687500007 0.12807638888888892