2 0.3981328125 0.10048611111111111 0.02739843749999995 0.13152777777777777
2 0.360578125 0.10211111111111111 0.028789062500000018 0.10825
4 0.3986953125 0.07925 0.02100781249999999 0.051625000000000025
1 0.36112500000000003 0.07694444444444444 0.025499999999999988 0.04234722222222222
0 0.398953125 0.04584722222222222 0.01785156250000002 0.026930555555555555
2 0.711265625 0.5156944444444445 0.056296874999999955 0.25673611111111116
2 0.7499374999999999 0.48512500000000003 0.06937499999999996 0.23644444444444446
2 0.713640625 0.44120833333333337 0.06813281250000003 0.24508333333333338
0 0.76790625 0.39745833333333336 0.03610156250000003 0.05791666666666673
3 0.7187265625 0.35111111111111115 0.027726562500000006 0.05854166666666664
3 0.7213125 0.4128055555555556 0.03143750000000001 0.055416666666666635
4 0.7616953125 0.4497777777777777 0.05030468750000008 0.09300000000000005
1 0.71684375 0.47851388888888885 0.06261718750000007 0.10776388888888894
1 0.71790625 0.4031388888888889 0.04271093750000006 0.10251388888888881