2 0.73221875 0.5131944444444444 0.09206640625000002 0.2621284722222223
2 0.7270859375 0.4741388888888889 0.060820312500000105 0.2250590277777778
2 0.7025234375 0.4274444444444444 0.06157812499999995 0.22367708333333336
2 0.7579453125 0.17852777777777776 0.039939453125000135 0.13530555555555557
2 0.7168515625 0.1750972222222222 0.04282812499999995 0.13859722222222218
2 0.394625 0.09845833333333333 0.024808593749999906 0.13064583333333338
3 0.3583046875 0.10575 0.03662109375 0.11634027777777779
3 0.7136875 0.3378611111111111 0.025423828125000013 0.04318402777777774
3 0.7461562500000001 0.4145 0.02491601562500012 0.050864583333333414
0 0.7398984375000001 0.38106944444444446 0.023494140624999993 0.04333680555555554
0 0.3966640625 0.04691666666666667 0.01859570312500001 0.024784722222222222
4 0.397328125 0.08091666666666666 0.019613281249999927 0.050052083333333344
4 0.7335546875000001 0.4289861111111111 0.03769335937499996 0.08766666666666667
1 0.360890625 0.0761111111111111 0.02190625000000006 0.03609374999999997
1 0.7202734375000001 0.15180555555555558 0.02162500000000005 0.057291666666666664
1 0.759625 0.15963888888888889 0.03202539062500005 0.06388194444444445
1 0.7057265625 0.39577777777777773 0.047005859375000014 0.11677083333333324
0 0.7421171875 0.4769444444444444 0.05299804687499989 0.10116319444444441
3 0.7206875 0.11859722222222223 0.02099609375 0.023833333333333328
3 0.7623671875 0.1234861111111111 0.018710937500000035 0.0246388888888889