2 0.3991015625 0.0973888888888889 0.023509765624999977 0.12646527777777777
2 0.359234375 0.09391666666666668 0.03294921875000005 0.09984027777777776
2 0.586859375 0.048138888888888884 0.023470703125000013 0.09305208333333334
2 0.6095703125 0.0515 0.0258417968749999 0.10032638888888887
2 0.703703125 0.4302638888888889 0.07187304687499996 0.23748263888888899
2 0.7331796875000001 0.47380555555555554 0.06790625000000006 0.23632291666666672
2 0.7342421875 0.5176666666666667 0.07898632812500014 0.2585590277777778
0 0.745296875 0.3790972222222222 0.031509765624999984 0.04726736111111115
4 0.7415859375 0.43633333333333335 0.04544140624999997 0.1001458333333332
3 0.712703125 0.33466666666666667 0.022496093750000057 0.0389861111111111
3 0.74475 0.4167916666666666 0.025060546874999902 0.04446180555555546
3 0.6076718750000001 0.010888888888888889 0.013298828124999851 0.017097222222222225
3 0.589140625 0.009791666666666666 0.013847656250000107 0.016583333333333335
0 0.3978203125 0.04763888888888888 0.012373046874999983 0.023385416666666676
1 0.35964843750000003 0.07652777777777778 0.025748046874999986 0.04126041666666666
1 0.588640625 0.03226388888888889 0.017720703124999914 0.040124999999999994
1 0.6088281249999999 0.03847222222222223 0.021980468749999992 0.04620138888888889
1 0.7058125000000001 0.39816666666666667 0.05044140625000004 0.10016319444444438
4 0.3983046874999999 0.09456944444444446 0.025087890624999963 0.08203472222222222
1 0.7420078125 0.48125 0.05062499999999996 0.1065000000000001