2 0.39663281250000004 0.09334722222222222 0.022468749999999992 0.11633333333333336
2 0.42348437499999997 0.1455138888888889 0.03883593750000003 0.14813888888888888
2 0.586875 0.3439305555555556 0.04800000000000004 0.20715277777777774
2 0.733671875 0.48511111111111105 0.05190625000000004 0.24904166666666658
2 0.711453125 0.4401666666666667 0.06364843750000002 0.2232083333333334
3 0.72609375 0.35118055555555555 0.02168749999999999 0.045222222222222226
0 0.743015625 0.38758333333333334 0.031874999999999966 0.05398611111111112
3 0.5911953125 0.2567638888888889 0.023265624999999977 0.035500000000000004
3 0.42365624999999996 0.08529166666666667 0.01930468750000003 0.025861111111111116
0 0.39973437500000003 0.04577777777777778 0.011851562499999968 0.020375
4 0.39877343750000005 0.07802777777777778 0.017585937499999992 0.04811111111111111
4 0.73778125 0.44637499999999997 0.03901562500000004 0.09683333333333337
1 0.4246484375 0.11919444444444444 0.022625000000000027 0.054527777777777765
1 0.58815625 0.31640277777777776 0.03671875 0.0895416666666667
1 0.7194765624999999 0.41020833333333334 0.03914062499999993 0.10872222222222218