2 0.39663281250000004 0.09334722222222222 0.028273437500000043 0.11831944444444448
2 0.42348437499999997 0.1455138888888889 0.047208984375000006 0.1540486111111111
2 0.586875 0.3439305555555556 0.0586796875000001 0.21289930555555558
2 0.733671875 0.48511111111111105 0.059656249999999925 0.25288541666666664
2 0.711453125 0.4401666666666667 0.07177148437500006 0.22906597222222225
3 0.72609375 0.35118055555555555 0.023390624999999866 0.047416666666666725
0 0.743015625 0.38758333333333334 0.034531250000000034 0.05863541666666679
3 0.5911953125 0.2567638888888889 0.02515234374999995 0.04012499999999998
3 0.42365624999999996 0.08529166666666667 0.019669921875000006 0.02695138888888889
0 0.39973437500000003 0.04577777777777778 0.012533203124999925 0.02176041666666667
4 0.39877343750000005 0.07802777777777778 0.019630859375000042 0.05022222222222224
4 0.73778125 0.44637499999999997 0.04315234374999992 0.10129166666666675
1 0.4246484375 0.11919444444444444 0.026554687500000007 0.05842361111111111
1 0.58815625 0.31640277777777776 0.04375 0.09703819444444438
1 0.7194765624999999 0.41020833333333334 0.04064453124999989 0.10981944444444436