2 0.39663281250000004 0.09334722222222222 0.029640625000000042 0.11936111111111115
2 0.42348437499999997 0.1455138888888889 0.050138671875000006 0.15439583333333332
2 0.586875 0.3439305555555556 0.0522343750000001 0.20942708333333337
2 0.733671875 0.48511111111111105 0.06688281249999992 0.2556631944444444
2 0.711453125 0.4401666666666667 0.08036523437500005 0.23357986111111112
3 0.72609375 0.35118055555555555 0.022609374999999866 0.047069444444444504
0 0.743015625 0.38758333333333334 0.03296875000000003 0.05585763888888901
3 0.5911953125 0.2567638888888889 0.02593359374999995 0.04151388888888887
3 0.42365624999999996 0.08529166666666667 0.020255859375000008 0.029034722222222222
0 0.39973437500000003 0.04577777777777778 0.012533203124999925 0.022107638888888895
4 0.39877343750000005 0.07802777777777778 0.021193359375000043 0.05161111111111113
4 0.73778125 0.44637499999999997 0.04471484374999992 0.10372222222222231
1 0.4246484375 0.11919444444444444 0.026554687500000007 0.05877083333333333
1 0.58815625 0.31640277777777776 0.0404296875 0.09321874999999993
1 0.7194765624999999 0.41020833333333334 0.047675781249999896 0.1167638888888888