2 0.3981328125 0.10048611111111111 0.027552734374999943 0.1318402777777778
2 0.360578125 0.10211111111111111 0.03590820312499998 0.11213194444444442
4 0.3986953125 0.07925 0.022439453124999974 0.0531840277777778
1 0.36112500000000003 0.07694444444444444 0.025906249999999974 0.04322569444444443
0 0.398953125 0.04584722222222222 0.017939453124999984 0.027565972222222238
2 0.711265625 0.5156944444444445 0.07579296875000008 0.26522569444444444
2 0.7499374999999999 0.48512500000000003 0.08589843750000004 0.2483472222222223
2 0.713640625 0.44120833333333337 0.075431640625 0.2512013888888889
0 0.76790625 0.39745833333333336 0.03910351562500001 0.06413194444444453
3 0.7187265625 0.35111111111111115 0.029783203124999956 0.06116319444444448
3 0.7213125 0.4128055555555556 0.033445312499999956 0.05864583333333336
4 0.7616953125 0.4497777777777777 0.05339648437500007 0.0996388888888889
1 0.71684375 0.47851388888888885 0.06975585937499992 0.1210381944444445
1 0.71790625 0.4031388888888889 0.048568359375000016 0.10965624999999998