2 0.5567265625 0.11252777777777777 0.03357421875000011 0.12557291666666665
3 0.5580703125 0.09520833333333333 0.027089843749999964 0.05749652777777779
0 0.5632265624999999 0.06043055555555555 0.012380859375000063 0.020618055555555553
2 0.64315625 0.07729166666666666 0.026439453124999977 0.07331944444444444
3 0.6451328125 0.04841666666666666 0.010863281249999978 0.011215277777777782
1 0.6406328125 0.06545833333333334 0.018947265625000043 0.033013888888888884
2 0.5582499999999999 0.7997222222222221 0.08903906250000002 0.3579409722222222
3 0.5674921875 0.6760972222222222 0.044541015625000034 0.07218750000000003
1 0.5605078125 0.7556527777777778 0.07097265625000002 0.16806597222222214
1 0.668578125 0.8994166666666668 0.08824023437499999 0.1732395833333331
2 0.674609375 0.8736111111111111 0.11796875 0.25277777777777777
3 0.672046875 0.7992777777777778 0.05006640625000003 0.0847395833333334
2 0.58984375 0.024305555555555556 0.025 0.04861111111111111
1 0.5921875 0.005555555555555556 0.0203125 0.011111111111111112