2 0.48032812500000005 0.2744861111111111 0.05798828125000011 0.21670138888888885
2 0.4537265625 0.18043055555555554 0.03903320312500007 0.16944444444444445
2 0.329765625 0.08481944444444443 0.04048632812499999 0.11340625
2 0.641875 0.083125 0.03516015624999991 0.08377083333333335
1 0.47983593750000003 0.239875 0.0420527343749999 0.08617708333333328
1 0.454125 0.14956944444444445 0.03127929687499993 0.0763541666666667
1 0.6415546875 0.06558333333333333 0.022060546874999965 0.03335763888888889
3 0.6493515624999999 0.05370833333333334 0.01072851562499988 0.015506944444444433
3 0.48571875000000003 0.1857361111111111 0.02109375 0.03448958333333331
3 0.45285937499999995 0.10869444444444445 0.019779296874999908 0.027850694444444418
3 0.335015625 0.04429166666666667 0.021947265625000066 0.03285763888888889
1 0.3285625 0.07786111111111112 0.025707031250000068 0.05574999999999998