2 0.47260156249999996 0.10590277777777778 0.039796875000000044 0.14058333333333334
4 0.47531249999999997 0.08095833333333333 0.03206249999999997 0.04768055555555555
0 0.4820078125 0.04977777777777778 0.018679687500000063 0.02680555555555555
2 0.63965625 0.07316666666666667 0.030007812500000064 0.06526388888888889
1 0.640421875 0.06365277777777778 0.020570312499999945 0.03616666666666665
3 0.6464218749999999 0.052722222222222226 0.008015624999999993 0.011902777777777788
2 0.5393671875 0.808125 0.07179687500000007 0.33658333333333323
1 0.54003125 0.7693194444444444 0.06690625000000008 0.173736111111111
3 0.5445156250000001 0.679138888888889 0.044273437500000054 0.07381944444444458
3 0.6711406249999999 0.8094583333333333 0.047140624999999936 0.08294444444444449
2 0.6701953125 0.8790833333333334 0.10995312500000001 0.24183333333333318
1 0.6733984375000001 0.8836527777777778 0.07083593750000006 0.13665277777777793