2 0.456546875 0.1105277777777778 0.03650195312500006 0.14073263888888896
2 0.541984375 0.46761111111111114 0.07345703125000007 0.2776354166666666
2 0.5743515625 0.33729166666666666 0.06488281249999997 0.23058680555555552
2 0.6414921875 0.08019444444444446 0.03601562500000011 0.0779722222222222
4 0.45871874999999995 0.08672222222222221 0.025703124999999893 0.05459375
0 0.4590859375 0.05379166666666666 0.01714453124999995 0.022031249999999995
3 0.55021875 0.35581944444444447 0.025144531249999956 0.04609027777777786
3 0.5758125 0.24593055555555554 0.02800976562499997 0.04981250000000001
3 0.6489921875 0.05354166666666666 0.010060546875000043 0.015135416666666677
1 0.640453125 0.06665277777777778 0.0217402343749999 0.03390625000000001
1 0.5775546874999999 0.29738888888888887 0.057228515625000045 0.09189930555555557
1 0.5488906250000001 0.42404166666666665 0.049169921875 0.09725347222222211