2 0.42957812500000003 0.1115 0.05314453124999989 0.14447222222222228
0 0.432296875 0.058361111111111114 0.021140625000000135 0.03352083333333334
4 0.432296875 0.09579166666666666 0.03513671875000011 0.05305208333333332
2 0.6432265625 0.08083333333333334 0.033361328125000075 0.08637152777777778
3 0.645296875 0.04515277777777778 0.0186640624999999 0.026788194444444455
1 0.6426796875 0.06929166666666667 0.021953125000000108 0.047697916666666666
2 0.5374609375 0.8053472222222222 0.12195507812499998 0.3696770833333334
3 0.5506640625 0.6833055555555556 0.05146874999999991 0.10281597222222211
1 0.5385703125 0.7869027777777778 0.07033789062500002 0.19023263888888886
2 0.670703125 0.8666666666666667 0.11171875 0.26666666666666666
3 0.67015625 0.8172222222222222 0.05552148437500008 0.0987465277777779
1 0.677109375 0.8901111111111111 0.07899023437500005 0.1607465277777777