2 0.691796875 0.8666666666666667 0.12109375 0.26666666666666666
2 0.553515625 0.81875 0.10234375 0.3625
2 0.96484375 0.5104166666666666 0.0703125 0.23472222222222222
2 0.6402578125 0.075625 0.029691406250000087 0.07301736111111114
3 0.6461875 0.049861111111111106 0.00966210937500005 0.01632986111111112
1 0.6387343750000001 0.06420833333333333 0.02413867187499985 0.03500347222222222
1 0.9765625 0.4777777777777778 0.046875 0.09444444444444444
3 0.9825703125 0.41994444444444445 0.0256718750000001 0.03726041666666665
3 0.6962578125000001 0.7893333333333334 0.04198828124999991 0.07206249999999999
1 0.6972343750000001 0.8805416666666667 0.08227734375000004 0.16385069444444456
1 0.55228125 0.7677222222222222 0.06170507812499988 0.1655104166666667
3 0.5624687500000001 0.6870277777777778 0.03879882812499993 0.07315277777777772