2 0.5567265625 0.11252777777777777 0.03195312500000007 0.1245138888888889
3 0.5580703125 0.09520833333333333 0.023984375000000037 0.05498611111111112
0 0.5632265624999999 0.06043055555555555 0.011242187500000079 0.018583333333333327
2 0.64315625 0.07729166666666666 0.024507812499999913 0.07105555555555555
3 0.6451328125 0.04841666666666666 0.010640624999999914 0.011527777777777774
1 0.6406328125 0.06545833333333334 0.017976562499999994 0.030666666666666665
2 0.5582499999999999 0.7997222222222221 0.06943750000000008 0.3484305555555554
3 0.5674921875 0.6760972222222222 0.044570312499999966 0.0720833333333333
1 0.5605078125 0.7556527777777778 0.06201562500000009 0.15837499999999996
1 0.668578125 0.8994166666666668 0.07796093749999997 0.1582361111111112
2 0.6751640625 0.8750694444444443 0.11419531250000006 0.24984722222222205
3 0.672046875 0.7992777777777778 0.045578124999999935 0.07506944444444438
2 0.59028125 0.02386111111111111 0.023257812499999985 0.04772222222222222
1 0.5921875 0.004861111111111111 0.0203125 0.009722222222222222