2 0.6389375 0.24998611111111113 0.061603515625000146 0.18348958333333334
2 0.810296875 0.21391666666666667 0.048333984374999875 0.15054861111111117
2 0.8771953124999999 0.16863888888888887 0.03119921874999996 0.10995833333333335
2 0.449375 0.10318055555555557 0.04139843750000001 0.1538576388888889
2 0.41291406249999996 0.1110138888888889 0.04306445312499996 0.14411458333333332
1 0.4515546875 0.07844444444444446 0.028406250000000098 0.06190277777777781
1 0.8131796874999999 0.1919861111111111 0.031218750000000028 0.06416319444444443
1 0.8812656249999999 0.1513333333333333 0.0222050781250001 0.05286805555555555
3 0.4531015625 0.04147222222222222 0.016841796874999915 0.02624305555555555
3 0.8153828125 0.15745833333333334 0.013179687499999915 0.02322222222222222
4 0.413265625 0.09833333333333333 0.0251093749999999 0.06696875000000001
4 0.642859375 0.2175277777777778 0.03131445312499999 0.0794756944444444
0 0.416046875 0.05458333333333333 0.015626953125000044 0.023725694444444438
0 0.6448984375 0.18165277777777777 0.024183593749999944 0.03355902777777773