2 0.46168750000000003 0.04125 0.03534375000000001 0.0825
4 0.46069531250000006 0.014361111111111111 0.023648437499999987 0.028708333333333336
0 0.47325 0.012527777777777777 0.011789062499999937 0.023527777777777783
2 0.5396171875 0.07788888888888888 0.028554687499999964 0.10645833333333334
2 0.5673125 0.07945833333333334 0.03405468749999994 0.12505555555555556
3 0.562890625 0.029930555555555557 0.014726562499999929 0.023347222222222217
3 0.54278125 0.03398611111111111 0.014773437500000064 0.01891666666666666
1 0.5651015625 0.058638888888888886 0.020664062500000035 0.04734722222222223
1 0.5413125 0.06406944444444446 0.02517187500000002 0.05230555555555555
2 0.5535703125 0.56475 0.08584374999999991 0.20675000000000002
4 0.5623828125 0.5397916666666667 0.05317187499999996 0.10368055555555553
0 0.574890625 0.4996388888888889 0.03303906249999997 0.05424999999999992
2 0.6403984375 0.07115277777777777 0.01925000000000008 0.06468055555555556
1 0.6402265625 0.06504166666666666 0.015671874999999957 0.03454166666666667
3 0.64171875 0.04738888888888888 0.012203124999999915 0.01758333333333333
2 0.81328125 0.9111111111111111 0.08125 0.17777777777777778
1 0.822203125 0.9326805555555555 0.06780468749999997 0.13463888888888897
3 0.8231953125 0.8668472222222222 0.04220312499999999 0.06584722222222233