2 0.691921875 0.8725 0.10218749999999996 0.254986111111111
2 0.5540703125 0.8210833333333333 0.09250000000000007 0.3578194444444443
2 0.965625 0.5111111111111111 0.06875 0.23333333333333334
2 0.6402578125 0.075625 0.025796874999999986 0.06845833333333332
3 0.6461875 0.049861111111111106 0.009742187500000022 0.015319444444444446
1 0.6387343750000001 0.06420833333333333 0.022335937499999937 0.03168055555555556
1 0.9774062499999999 0.47865277777777776 0.041437499999999974 0.08455555555555555
3 0.9825703125 0.41994444444444445 0.025343750000000043 0.03654166666666659
3 0.6962578125000001 0.7893333333333334 0.041390625000000014 0.07158333333333328
1 0.6972343750000001 0.8805416666666667 0.079109375 0.15818055555555569
1 0.55228125 0.7677222222222222 0.05932031250000005 0.16343055555555566
3 0.5624687500000001 0.6870277777777778 0.03644531250000007 0.06899999999999994