2 0.528703125 0.12491666666666666 0.04832226562499997 0.1441666666666667
4 0.530625 0.10466666666666667 0.03349414062499996 0.05842361111111111
0 0.5347265625000001 0.06847222222222221 0.018205078125000006 0.026104166666666668
2 0.63896875 0.07281944444444445 0.02169140625000008 0.0647152777777778
1 0.6389296875 0.0636111111111111 0.016396484374999964 0.030559027777777775
3 0.6439609374999999 0.04909722222222222 0.008644531250000042 0.01260069444444445
2 0.7691015625000001 0.5557083333333334 0.08657617187500008 0.2807187500000001
2 0.86640625 0.8715277777777778 0.115625 0.2569444444444444
4 0.7797265624999999 0.5197083333333333 0.05500585937499984 0.12234027777777767
0 0.7823671875 0.4431805555555555 0.032261718749999876 0.04719097222222233
1 0.8660937499999999 0.8752777777777778 0.0724238281249999 0.15857638888888884
3 0.8702109374999999 0.7863194444444445 0.03297656250000003 0.06545833333333317