2 0.461328125 0.041666666666666664 0.03828125 0.08333333333333333
4 0.46015625 0.015277777777777777 0.025 0.030555555555555555
0 0.47325 0.012527777777777777 0.013103515625000029 0.024979166666666677
2 0.5396171875 0.07788888888888888 0.031943359375000036 0.10821180555555555
2 0.5673125 0.07945833333333333 0.03449023437499985 0.12501388888888892
3 0.562890625 0.029930555555555557 0.01500976562500007 0.0238923611111111
3 0.54278125 0.03398611111111111 0.015021484374999972 0.02035416666666667
1 0.5651015625 0.058638888888888886 0.021181640624999963 0.04760069444444445
1 0.5413125 0.06406944444444446 0.02738671875000005 0.05578472222222221
2 0.5535703125 0.56475 0.08982031250000003 0.2121041666666667
4 0.5623828125 0.5397916666666667 0.05548046875000008 0.10717013888888892
0 0.574890625 0.4996388888888889 0.03306445312499999 0.05522916666666665
2 0.6403984375 0.07115277777777777 0.021023437500000065 0.0665173611111111
1 0.6402265625 0.06504166666666666 0.0166132812499999 0.03606597222222222
3 0.64171875 0.04738888888888888 0.01242578124999998 0.018979166666666675
2 0.81328125 0.90625 0.0953125 0.1875
1 0.821875 0.9291666666666667 0.0765625 0.14166666666666666
3 0.8231953125 0.8668472222222222 0.04531640625000009 0.07236458333333359