2 0.562796875 0.7807499999999999 0.11143750000000008 0.394496527777778
1 0.5648046875 0.7405555555555556 0.06865234375 0.15951388888888876
3 0.5808984374999999 0.659 0.056730468750000006 0.0879236111111112
2 0.694921875 0.8659722222222223 0.10234375 0.26805555555555555
3 0.6951562499999999 0.7824583333333334 0.04536914062499999 0.0822743055555555
1 0.6957421874999999 0.8786944444444444 0.09131835937500003 0.16803819444444437
2 0.594921875 0.034722222222222224 0.03828125 0.06944444444444445
1 0.5953125 0.011805555555555555 0.01875 0.02361111111111111
2 0.641546875 0.07756944444444444 0.03138476562499992 0.0863923611111111
1 0.6406171875 0.06331944444444446 0.020162109374999914 0.03458333333333334
3 0.64240625 0.04540277777777778 0.011800781250000014 0.016677083333333325