2 0.456546875 0.1105277777777778 0.028820312500000077 0.13793055555555556
2 0.541984375 0.46761111111111114 0.06335937499999993 0.2716527777777778
2 0.5743515625 0.33729166666666666 0.05875000000000004 0.22651388888888885
2 0.6414921875 0.08019444444444446 0.03468750000000007 0.07577777777777778
4 0.45871874999999995 0.08672222222222221 0.02312499999999993 0.05170833333333332
0 0.4590859375 0.05379166666666666 0.016234374999999978 0.02006944444444445
3 0.55021875 0.35581944444444447 0.02323437500000001 0.04269444444444446
3 0.5758125 0.24593055555555554 0.024539062500000063 0.04369444444444442
3 0.6489921875 0.05354166666666666 0.009773437499999992 0.014708333333333339
1 0.640453125 0.06665277777777778 0.019773437499999956 0.030069444444444433
1 0.5775546874999999 0.29738888888888887 0.053132812499999994 0.08287500000000002
1 0.5488906250000001 0.42404166666666665 0.0490234375 0.09734722222222227