2 0.553125 0.9111111111111111 0.0921875 0.17777777777777778
1 0.548046875 0.9368055555555556 0.05703125 0.12638888888888888
3 0.56046875 0.9047222222222222 0.047660156249999905 0.09453125
2 0.942578125 0.9354166666666667 0.07421875 0.12916666666666668
3 0.9449375 0.9203472222222222 0.03996093750000007 0.07098958333333327
2 0.7487421875 0.2155 0.05089648437499985 0.14486111111111113
3 0.75503125 0.16044444444444445 0.014943359375000043 0.024232638888888915
1 0.7520390625 0.19179166666666667 0.029667968750000107 0.05020486111111108
2 0.962890625 0.4173611111111111 0.07421875 0.19583333333333333
4 0.9705390625 0.38943055555555556 0.035933593749999916 0.07403125
0 0.980328125 0.35011111111111115 0.025054687500000127 0.04150347222222221