2 0.461328125 0.041666666666666664 0.03828125 0.08333333333333333
4 0.46015625 0.015277777777777777 0.025 0.030555555555555555
0 0.47325 0.012527777777777777 0.012517578125000029 0.024631944444444453
2 0.5396171875 0.07788888888888888 0.03741210937500004 0.11098958333333332
2 0.5673125 0.07945833333333333 0.04366992187499985 0.13056944444444446
3 0.562890625 0.029930555555555557 0.01618164062500007 0.026322916666666658
3 0.54278125 0.03398611111111111 0.015607421874999972 0.02104861111111111
1 0.5651015625 0.058638888888888886 0.021962890624999964 0.04968402777777779
1 0.5413125 0.06406944444444446 0.02894921875000005 0.05821527777777777
2 0.5535703125 0.56475 0.09138281250000002 0.2138402777777778
4 0.5623828125 0.5397916666666667 0.06075390625000008 0.11550347222222225
0 0.574890625 0.4996388888888889 0.03521289062499999 0.059395833333333314
2 0.6403984375 0.07115277777777777 0.024343750000000063 0.06825347222222222
1 0.6402265625 0.06504166666666666 0.0164179687499999 0.03571875
3 0.64171875 0.04738888888888888 0.011839843749999978 0.01793750000000001
2 0.812890625 0.9090277777777778 0.08671875 0.18194444444444444
1 0.821875 0.9319444444444445 0.06875 0.1361111111111111
3 0.8231953125 0.8668472222222222 0.04629296875000009 0.07514236111111137