2 0.456546875 0.1105277777777778 0.040603515625000065 0.14177430555555562
2 0.541984375 0.46761111111111114 0.08185546875000008 0.28076041666666657
2 0.5743515625 0.33729166666666666 0.07015624999999996 0.23371180555555554
2 0.6414921875 0.08019444444444446 0.03992187500000011 0.08318055555555554
4 0.45871874999999995 0.08672222222222221 0.024921874999999892 0.05389930555555556
0 0.4590859375 0.05379166666666666 0.01714453124999995 0.022031249999999995
3 0.55021875 0.35581944444444447 0.02436328124999996 0.04470138888888897
3 0.5758125 0.24593055555555554 0.02683789062499997 0.04772916666666668
3 0.6489921875 0.05354166666666666 0.010255859375000042 0.0154826388888889
1 0.640453125 0.06665277777777778 0.021154296874999902 0.03321180555555557
1 0.5775546874999999 0.29738888888888887 0.05937695312500004 0.0967604166666667
1 0.5488906250000001 0.42404166666666665 0.049365234375 0.09829513888888879