2 0.829296875 0.9097222222222222 0.08828125 0.18055555555555555
1 0.831078125 0.9054166666666666 0.06638671874999993 0.13090277777777778
3 0.8393671875000001 0.8679444444444444 0.04770898437499973 0.06251041666666658
2 0.6408046875 0.08844444444444445 0.03751953125000007 0.12231597222222222
2 0.641828125 0.179125 0.0462031249999999 0.1447569444444444
4 0.64153125 0.15902777777777777 0.03273437499999989 0.06807291666666665
1 0.6427734375 0.07047222222222224 0.02101367187500003 0.047135416666666666
3 0.6445624999999999 0.041652777777777775 0.012449218749999958 0.016843750000000008
0 0.6424296875 0.119125 0.014093749999999971 0.027718750000000014
2 0.34615625 0.11180555555555556 0.041451171875000005 0.1564201388888889
2 0.39177343750000004 0.10909722222222222 0.03323437499999997 0.14039583333333333
1 0.3462890625 0.08752777777777779 0.02974414062499999 0.0637986111111111
4 0.3923984375 0.09466666666666666 0.025603515625000028 0.06680902777777777
3 0.347265625 0.049833333333333334 0.020888671874999966 0.028208333333333318
0 0.391390625 0.05552777777777777 0.020261718749999956 0.025541666666666667