2 0.642671875 0.0798611111111111 0.035361328125000036 0.07387152777777778
2 0.5673828125 0.08255555555555555 0.04623437500000005 0.13433680555555555
2 0.5328359375 0.2918472222222222 0.07170507812500002 0.2025902777777778
2 0.42926562500000004 0.11901388888888889 0.05231445312500007 0.154
4 0.43328125 0.10061111111111111 0.03332617187500002 0.07321875
4 0.539859375 0.2630138888888889 0.035599609375000084 0.0765625
1 0.5715078124999999 0.06579166666666666 0.025642578124999992 0.061104166666666654
1 0.6429375 0.06859722222222223 0.02329687499999995 0.03756944444444444
0 0.43484375000000003 0.059500000000000004 0.01776757812500005 0.03036111111111111
0 0.5413984375 0.22143055555555557 0.024806640625000043 0.04261111111111112
3 0.5727890625 0.035430555555555555 0.01852343749999985 0.03189930555555555
3 0.65003125 0.05443055555555555 0.008585937500000007 0.01406597222222222