2 0.496484375 0.23779166666666668 0.06451562499999994 0.19310763888888885
2 0.38978125 0.11375 0.04211718749999997 0.14413541666666663
2 0.34362499999999996 0.11065277777777778 0.044615234374999965 0.1500277777777778
2 0.6450625 0.0779861111111111 0.04210937499999989 0.07780902777777779
4 0.388609375 0.09116666666666667 0.02875585937500009 0.062197916666666665
1 0.3446328125 0.08590277777777779 0.03211718750000001 0.06676736111111112
1 0.501484375 0.2095 0.03918750000000006 0.0820138888888889
3 0.5043359374999999 0.15804166666666666 0.019621093750000006 0.03321180555555555
0 0.38721875 0.05602777777777778 0.01927343749999997 0.026371527777777775
3 0.34685156250000004 0.04722222222222222 0.01749999999999998 0.022881944444444437
1 0.643171875 0.065875 0.021205078124999943 0.03189583333333332
3 0.6497578125000001 0.052263888888888894 0.008658203124999986 0.01381250000000001