2 0.528703125 0.12491666666666666 0.04675976562499997 0.14208333333333334
4 0.530625 0.10466666666666667 0.035056640624999955 0.06224305555555555
0 0.5347265625000001 0.06847222222222221 0.019181640625000006 0.026798611111111113
2 0.63896875 0.07281944444444445 0.025011718750000078 0.06575694444444447
1 0.6389296875 0.0636111111111111 0.017958984374999966 0.03333680555555555
3 0.6439609374999999 0.04909722222222222 0.009230468750000043 0.01398958333333334
2 0.7691015625000001 0.5557083333333334 0.09458398437500008 0.28627430555555566
2 0.866796875 0.8708333333333333 0.11640625 0.25833333333333336
4 0.7797265624999999 0.5197083333333333 0.054810546874999845 0.12199305555555545
0 0.7823671875 0.4431805555555555 0.03069921874999988 0.04302430555555566
1 0.8660937499999999 0.8752777777777778 0.0696894531249999 0.15579861111111104
3 0.8702109374999999 0.7863194444444445 0.03512500000000003 0.06823611111111094