2 0.552734375 0.9076388888888889 0.10234375 0.18472222222222223
1 0.5484375 0.9361111111111111 0.059375 0.12777777777777777
3 0.56046875 0.9047222222222222 0.05078515624999991 0.09869791666666666
2 0.942578125 0.9340277777777778 0.07734375 0.13194444444444445
3 0.9449375 0.9203472222222222 0.04425781250000007 0.07793402777777772
2 0.7487421875 0.2155 0.04757617187499985 0.143125
3 0.75503125 0.16044444444444445 0.014748046875000042 0.023885416666666694
1 0.7520390625 0.19179166666666667 0.029082031250000105 0.05020486111111108
2 0.9641171875 0.41815277777777776 0.07064648437500018 0.19022569444444443
4 0.9705390625 0.38943055555555556 0.03749609374999992 0.07646180555555557
0 0.980328125 0.35011111111111115 0.025054687500000127 0.04185069444444443