2 0.642671875 0.0798611111111111 0.03497070312500004 0.07352430555555556
2 0.5673828125 0.08255555555555555 0.04213281250000005 0.13051736111111112
2 0.5328359375 0.2918472222222222 0.05900976562500002 0.19217361111111111
2 0.42926562500000004 0.11901388888888889 0.05387695312500007 0.15538888888888888
4 0.43328125 0.10061111111111111 0.03527929687500002 0.07599652777777778
4 0.539859375 0.2630138888888889 0.035599609375000084 0.07621527777777778
1 0.5715078124999999 0.06579166666666666 0.024470703124999993 0.060062499999999984
1 0.6429375 0.06859722222222223 0.02349218749999995 0.03791666666666666
0 0.43484375000000003 0.059500000000000004 0.01776757812500005 0.03036111111111111
0 0.5413984375 0.22143055555555557 0.026369140625000044 0.04573611111111112
3 0.5727890625 0.035430555555555555 0.01793749999999985 0.03155208333333333
3 0.65003125 0.05443055555555555 0.009367187500000007 0.015454861111111108