2 0.41067187499999996 0.10593055555555556 0.026398437499999972 0.14456944444444444
2 0.37696874999999996 0.09709722222222222 0.035171874999999984 0.12293055555555554
2 0.6421875 0.08170833333333333 0.025937500000000037 0.07523611111111109
2 0.69478125 0.49351388888888886 0.07918749999999992 0.25798611111111114
2 0.6325937500000001 0.7008333333333334 0.07261718750000004 0.2994444444444443
1 0.6428359375 0.06648611111111111 0.02189843749999998 0.03356944444444444
1 0.70178125 0.45290277777777777 0.05668749999999996 0.117
3 0.7051875 0.3973888888888889 0.030367187499999913 0.04701388888888892
3 0.6412890625000001 0.5856527777777778 0.029406250000000078 0.05834722222222221
1 0.6337890625 0.6752777777777776 0.07015624999999996 0.12875000000000006
1 0.37796093750000004 0.07901388888888888 0.03250781250000001 0.048138888888888884
3 0.3768125 0.050694444444444445 0.015312500000000017 0.024874999999999994
0 0.41235156249999994 0.051819444444444446 0.017085937499999915 0.02130555555555556
4 0.412328125 0.08956944444444444 0.020437500000000063 0.057486111111111134
3 0.6494375 0.05384722222222223 0.006843749999999993 0.012083333333333337