2 0.562796875 0.7807499999999999 0.10675000000000008 0.3941493055555557
1 0.5648046875 0.7405555555555556 0.06865234375 0.15951388888888876
3 0.5808984374999999 0.659 0.05399609375000001 0.08236805555555564
2 0.69453125 0.8666666666666667 0.1 0.26666666666666666
3 0.6951562499999999 0.7824583333333334 0.046150390624999996 0.08435763888888882
1 0.6957421874999999 0.8786944444444444 0.08213867187500004 0.1527604166666666
2 0.594921875 0.034722222222222224 0.03828125 0.06944444444444445
1 0.595703125 0.011111111111111112 0.01796875 0.022222222222222223
2 0.641546875 0.07756944444444444 0.028259765624999923 0.08465624999999997
1 0.6406171875 0.06331944444444446 0.019966796874999915 0.03423611111111112
3 0.64240625 0.04540277777777778 0.011800781250000014 0.01563541666666666