2 0.6389375 0.24998611111111113 0.06004101562500015 0.18314236111111112
2 0.810296875 0.21391666666666667 0.04227929687499987 0.14707638888888894
2 0.8771953124999999 0.16863888888888887 0.03276171874999996 0.11204166666666669
2 0.449375 0.10318055555555557 0.040617187500000006 0.1538576388888889
2 0.41291406249999996 0.1110138888888889 0.039548828124999956 0.14168402777777775
1 0.4515546875 0.07844444444444446 0.0252812500000001 0.05738888888888892
1 0.8131796874999999 0.1919861111111111 0.02985156250000003 0.06277430555555555
1 0.8812656249999999 0.15133333333333332 0.0216191406250001 0.05252083333333333
3 0.4531015625 0.04147222222222222 0.015474609374999915 0.023465277777777772
3 0.8153828125 0.15745833333333334 0.012398437499999915 0.021138888888888888
4 0.413265625 0.09833333333333333 0.0278437499999999 0.06939930555555555
4 0.642859375 0.2175277777777778 0.027994140624999986 0.0763506944444444
0 0.416046875 0.05458333333333333 0.01640820312500004 0.02511458333333333
0 0.6448984375 0.18165277777777777 0.024183593749999944 0.0346006944444444