2 0.528703125 0.12491666666666666 0.04094531250000007 0.13777777777777775
4 0.530625 0.10466666666666667 0.030851562500000006 0.054527777777777765
0 0.5347265625000001 0.06847222222222221 0.01735156250000003 0.02386111111111112
2 0.63896875 0.07281944444444445 0.020359374999999957 0.0630277777777778
1 0.6389296875 0.0636111111111111 0.016367187500000036 0.03056944444444445
3 0.6439609374999999 0.04909722222222222 0.008796874999999992 0.012902777777777787
2 0.7691015625000001 0.5557083333333334 0.07833593749999998 0.2742638888888889
2 0.8668984375000001 0.8730972222222222 0.1114140625000001 0.25380555555555556
4 0.7797265624999999 0.5197083333333333 0.04736718750000009 0.11297222222222227
0 0.7823671875 0.4431805555555555 0.03060937500000005 0.04154166666666662
1 0.8660937499999999 0.8752777777777778 0.06391406249999995 0.14819444444444452
3 0.8702109374999999 0.7863194444444445 0.031906250000000115 0.0632222222222222