2 0.48032812500000005 0.2744861111111111 0.052910156250000104 0.21392361111111108
2 0.4537265625 0.18043055555555554 0.045283203125000074 0.17222222222222222
2 0.329765625 0.08481944444444443 0.03618945312499999 0.10854513888888889
2 0.641875 0.083125 0.03672265624999991 0.08481250000000001
1 0.47983593750000003 0.239875 0.0475214843749999 0.09416319444444439
1 0.454125 0.14956944444444445 0.029521484374999928 0.07392361111111115
1 0.6415546875 0.06558333333333333 0.022060546874999965 0.03370486111111111
3 0.6493515624999999 0.05370833333333334 0.010923828124999879 0.0165486111111111
3 0.48571875000000003 0.1857361111111111 0.0212890625 0.03483680555555553
3 0.45285937499999995 0.10869444444444445 0.018802734374999908 0.026114583333333306
3 0.335015625 0.04429166666666667 0.021751953125000067 0.03181597222222222
1 0.3285625 0.07786111111111112 0.022972656250000067 0.052624999999999984