2 0.48032812500000005 0.2744861111111111 0.04757812500000007 0.21125000000000002
2 0.4537265625 0.18043055555555554 0.03660156249999993 0.16805555555555557
2 0.329765625 0.08481944444444445 0.03616406249999997 0.10918055555555556
2 0.641875 0.083125 0.031265624999999984 0.07952777777777778
1 0.47983593750000003 0.239875 0.04086718749999996 0.08498611111111111
1 0.454125 0.14956944444444445 0.02746093750000007 0.0720833333333333
1 0.6415546875 0.06558333333333333 0.020273437500000036 0.02926388888888888
3 0.6493515624999999 0.05370833333333334 0.01010156250000005 0.014805555555555551
3 0.48571875000000003 0.1857361111111111 0.01953125 0.031013888888888865
3 0.45285937499999995 0.10869444444444445 0.018960937499999986 0.025291666666666678
3 0.335015625 0.04429166666666667 0.019820312500000003 0.027263888888888883
1 0.3285625 0.07786111111111112 0.023140625000000005 0.05216666666666667