2 0.8296875 0.9131944444444444 0.078125 0.1736111111111111
1 0.831078125 0.9054166666666666 0.05695312500000007 0.11805555555555555
3 0.8393671875000001 0.8679444444444444 0.04630468749999998 0.05837499999999996
2 0.6408046875 0.08844444444444445 0.02820312499999993 0.11843055555555555
2 0.641828125 0.179125 0.04574999999999996 0.1443055555555556
4 0.64153125 0.15902777777777777 0.027812499999999928 0.06118055555555557
1 0.6427734375 0.07047222222222224 0.020773437499999936 0.046875
3 0.6445624999999999 0.041652777777777775 0.012296875000000007 0.017374999999999998
0 0.6424296875 0.119125 0.013406250000000064 0.026152777777777796
2 0.34615625 0.11180555555555556 0.032210937500000016 0.15206944444444445
2 0.39177343750000004 0.10909722222222222 0.026687500000000065 0.13797222222222222
1 0.3462890625 0.08752777777777779 0.02600781249999997 0.0593611111111111
4 0.3923984375 0.09466666666666666 0.021945312499999935 0.06306944444444444
3 0.347265625 0.049833333333333334 0.019492187500000036 0.025333333333333326
0 0.391390625 0.05552777777777777 0.020109375000000006 0.02577777777777778