2 0.41067187499999996 0.10593055555555556 0.03745898437499999 0.1482951388888889
2 0.37696874999999996 0.09709722222222222 0.042777343749999995 0.1279548611111111
2 0.6421875 0.08170833333333333 0.03148437499999997 0.0802673611111111
2 0.69478125 0.49351388888888886 0.08034374999999994 0.25928819444444445
2 0.6325937500000001 0.7008333333333334 0.08377929687499996 0.30645833333333317
1 0.6428359375 0.06648611111111111 0.02344335937499995 0.0361701388888889
1 0.70178125 0.45290277777777777 0.0594843749999999 0.12091666666666676
3 0.7051875 0.3973888888888889 0.03337304687499998 0.052725694444444415
3 0.6412890625000001 0.5856527777777778 0.030398437500000063 0.05972569444444436
1 0.6337890625 0.6752777777777776 0.07281250000000003 0.13357638888888881
1 0.37796093750000004 0.07901388888888888 0.035080078125000025 0.0540486111111111
3 0.3768125 0.050694444444444445 0.01632812499999998 0.0267048611111111
0 0.41235156249999994 0.051819444444444446 0.01852929687499998 0.025118055555555567
4 0.412328125 0.08956944444444444 0.02268749999999997 0.05951041666666666
3 0.6494375 0.05384722222222223 0.006984375000000043 0.01239583333333333