2 0.69140625 0.8666666666666667 0.121875 0.26666666666666666
2 0.553515625 0.8173611111111111 0.11484375 0.36527777777777776
2 0.963671875 0.5104166666666666 0.07265625 0.24027777777777778
2 0.6402578125 0.075625 0.027152343750000085 0.07023958333333336
3 0.6461875 0.049861111111111106 0.01024804687500005 0.017024305555555567
1 0.6387343750000001 0.06420833333333333 0.02394335937499985 0.03465625
1 0.9774062499999999 0.47865277777777776 0.04453906250000017 0.08988888888888892
3 0.9825703125 0.41994444444444445 0.0272343750000001 0.04073263888888887
3 0.6962578125000001 0.7893333333333334 0.04355078124999991 0.07518749999999999
1 0.6972343750000001 0.8805416666666667 0.09126171875000004 0.17565625000000012
1 0.55228125 0.7677222222222222 0.07049414062499988 0.17488541666666668
3 0.5624687500000001 0.6870277777777778 0.04036132812499993 0.0759305555555555