2 0.47260156249999996 0.10590277777777778 0.04373828124999992 0.14313194444444446
4 0.47531249999999997 0.08095833333333333 0.03203906249999999 0.04733680555555555
0 0.4820078125 0.04977777777777778 0.01951367187499997 0.02788194444444445
2 0.63965625 0.07316666666666667 0.031916015624999974 0.06805208333333332
1 0.640421875 0.06365277777777778 0.022720703124999984 0.040291666666666656
3 0.6464218749999999 0.052722222222222226 0.008644531249999865 0.013392361111111108
2 0.5393671875 0.808125 0.1005664062500001 0.3473402777777778
1 0.54003125 0.7693194444444444 0.07258593750000006 0.1802395833333334
3 0.5445156250000001 0.679138888888889 0.04817773437500002 0.08095486111111098
3 0.6711406249999999 0.8094583333333333 0.05006640625000003 0.08879166666666675
2 0.66953125 0.8729166666666667 0.1265625 0.25416666666666665
1 0.6733984375000001 0.8836527777777778 0.07806054687500001 0.14839930555555567