2 0.47260156249999996 0.10590277777777778 0.04686328124999992 0.1455625
4 0.47531249999999997 0.08095833333333333 0.03379687499999999 0.052545138888888884
0 0.4820078125 0.04977777777777778 0.020099609374999973 0.030312500000000003
2 0.63965625 0.07316666666666667 0.030548828124999972 0.06562152777777776
1 0.640421875 0.06365277777777778 0.021158203124999986 0.037513888888888874
3 0.6464218749999999 0.052722222222222226 0.008644531249999865 0.013392361111111108
2 0.5393671875 0.808125 0.09919921875000011 0.3473402777777778
1 0.54003125 0.7693194444444444 0.07102343750000006 0.17815625000000004
3 0.5445156250000001 0.679138888888889 0.044076171875000014 0.07505208333333321
3 0.6711406249999999 0.8094583333333333 0.04850390625000003 0.08601388888888897
2 0.66953125 0.875 0.121875 0.25
1 0.6733984375000001 0.8836527777777778 0.07181054687500002 0.13867708333333345