2 0.642671875 0.0798611111111111 0.031289062499999964 0.06909722222222223
2 0.5673828125 0.08255555555555555 0.04196875000000002 0.13040277777777776
2 0.5328359375 0.2918472222222222 0.057914062500000085 0.19230555555555562
2 0.42926562500000004 0.11901388888888889 0.04597656249999993 0.14933333333333332
4 0.43328125 0.10061111111111111 0.032523437500000085 0.07204166666666667
4 0.539859375 0.2630138888888889 0.03302343749999999 0.07291666666666667
1 0.5715078124999999 0.06579166666666666 0.02288281249999997 0.05830555555555556
1 0.6429375 0.06859722222222223 0.022093749999999978 0.035
0 0.43484375000000003 0.059500000000000004 0.01638281250000002 0.028388888888888887
0 0.5413984375 0.22143055555555557 0.023445312499999992 0.039888888888888925
3 0.5727890625 0.035430555555555555 0.017062499999999935 0.030374999999999996
3 0.65003125 0.05443055555555555 0.008562500000000028 0.01459722222222223