2 0.42957812500000003 0.1115 0.051582031249999896 0.14343055555555562
0 0.432296875 0.058361111111111114 0.019578125000000134 0.03039583333333334
4 0.432296875 0.09579166666666666 0.034355468750000104 0.050621527777777765
2 0.6432265625 0.08083333333333334 0.03023632812500008 0.08498263888888889
3 0.645296875 0.04515277777777778 0.0171015624999999 0.023663194444444455
1 0.6426796875 0.06929166666666667 0.022539062500000106 0.047697916666666666
2 0.5374609375 0.8053472222222222 0.10750195312499997 0.36377430555555557
3 0.5506640625 0.6833055555555556 0.055570312499999906 0.10871874999999989
1 0.5385703125 0.7869027777777778 0.08225195312500003 0.20134374999999996
2 0.67109375 0.8701388888888889 0.096875 0.25972222222222224
3 0.67015625 0.8172222222222222 0.06020898437500009 0.10707986111111123
1 0.677109375 0.8901111111111111 0.07723242187500005 0.15692708333333327