2 0.562796875 0.7807499999999999 0.08012499999999996 0.38215277777777756
1 0.5648046875 0.7405555555555556 0.066015625 0.15611111111111123
3 0.5808984374999999 0.659 0.05114062500000003 0.0753055555555556
2 0.6952499999999999 0.868625 0.09359374999999996 0.2627500000000001
3 0.6951562499999999 0.7824583333333334 0.04085156249999997 0.07493055555555563
1 0.6957421874999999 0.8786944444444444 0.08246093749999997 0.1527083333333334
2 0.5952109375 0.03336111111111111 0.03461718749999996 0.06672222222222222
1 0.5957578125 0.011680555555555555 0.01785937499999992 0.023347222222222217
2 0.641546875 0.07756944444444444 0.024757812500000042 0.08168055555555556
1 0.6406171875 0.06331944444444446 0.018929687500000014 0.03277777777777777
3 0.64240625 0.04540277777777778 0.011265625000000057 0.013930555555555557