2 0.8296875 0.9104166666666667 0.0859375 0.17916666666666667
1 0.831078125 0.9054166666666666 0.05759765624999993 0.11909722222222222
3 0.8393671875000001 0.8679444444444444 0.04770898437499973 0.06146874999999991
2 0.6408046875 0.08844444444444445 0.02892578125000007 0.11849652777777778
2 0.641828125 0.179125 0.0573359374999999 0.15309027777777773
4 0.64153125 0.15902777777777777 0.028242187499999894 0.0625173611111111
1 0.6427734375 0.07047222222222224 0.024333984375000027 0.05130208333333333
3 0.6445624999999999 0.041652777777777775 0.012449218749999958 0.01719097222222223
0 0.6424296875 0.119125 0.014874999999999972 0.0291076388888889
2 0.34615625 0.11180555555555556 0.034419921875 0.15364236111111113
2 0.39177343750000004 0.10909722222222222 0.03382031249999997 0.14039583333333333
1 0.3462890625 0.08752777777777779 0.028181640624999994 0.06171527777777776
4 0.3923984375 0.09466666666666666 0.02423632812500003 0.06542013888888888
3 0.347265625 0.049833333333333334 0.021083984374999965 0.029249999999999984
0 0.391390625 0.05552777777777777 0.020652343749999958 0.027625