2 0.41067187499999996 0.10593055555555556 0.03511523437499999 0.14725347222222224
2 0.37696874999999996 0.09709722222222222 0.038285156249999994 0.12517708333333333
2 0.6421875 0.08170833333333333 0.029531249999999964 0.07818402777777776
2 0.69478125 0.49351388888888886 0.09440624999999994 0.2703993055555556
2 0.6325937500000001 0.7008333333333334 0.08807617187499997 0.30819444444444427
1 0.6428359375 0.06648611111111111 0.02207617187499995 0.03373958333333334
1 0.70178125 0.45290277777777777 0.0647578124999999 0.1278611111111112
3 0.7051875 0.3973888888888889 0.03356835937499998 0.0541145833333333
3 0.6412890625000001 0.5856527777777778 0.033523437500000065 0.0649340277777777
1 0.6337890625 0.6752777777777776 0.08042968750000004 0.14607638888888883
1 0.37796093750000004 0.07901388888888888 0.035080078125000025 0.0540486111111111
3 0.3768125 0.050694444444444445 0.01632812499999998 0.0267048611111111
0 0.41235156249999994 0.051819444444444446 0.017943359374999978 0.023729166666666676
4 0.412328125 0.08956944444444444 0.02268749999999997 0.05951041666666666
3 0.6494375 0.05384722222222223 0.0077656250000000425 0.013784722222222219