2 0.6389375 0.24998611111111113 0.04797656250000006 0.17562499999999998
2 0.810296875 0.21391666666666667 0.039429687499999845 0.14525
2 0.8771953124999999 0.16863888888888887 0.03026562499999983 0.1092777777777778
2 0.449375 0.10318055555555557 0.03512500000000003 0.15015277777777775
2 0.41291406249999996 0.1110138888888889 0.034757812500000006 0.13895833333333335
1 0.4515546875 0.07844444444444446 0.025343750000000043 0.05733333333333333
1 0.8131796874999999 0.1919861111111111 0.026437500000000114 0.05804166666666669
1 0.8812656249999999 0.15133333333333332 0.018507812500000043 0.04897222222222221
3 0.4531015625 0.04147222222222222 0.015023437500000014 0.023027777777777775
3 0.8153828125 0.15745833333333334 0.012093750000000014 0.02066666666666666
4 0.413265625 0.09833333333333333 0.024656249999999956 0.06648611111111112
4 0.642859375 0.2175277777777778 0.027601562499999944 0.07623611111111109
0 0.416046875 0.05458333333333333 0.015632812499999992 0.024069444444444442
0 0.6448984375 0.18165277777777777 0.02251562499999995 0.030069444444444413