2 0.5567265625 0.11252777777777777 0.03220703125000011 0.12487847222222222
3 0.5580703125 0.09520833333333333 0.026503906249999966 0.057149305555555564
0 0.5632265624999999 0.06043055555555555 0.012185546875000064 0.02027083333333333
2 0.64315625 0.07729166666666666 0.02975976562499998 0.0760972222222222
3 0.6451328125 0.04841666666666666 0.010863281249999978 0.011562500000000003
1 0.6406328125 0.06545833333333334 0.019533203125000044 0.033361111111111105
2 0.5582499999999999 0.7997222222222221 0.08278906250000002 0.3551631944444444
3 0.5674921875 0.6760972222222222 0.049423828125000034 0.08295138888888892
1 0.5605078125 0.7556527777777778 0.06921484375000002 0.16632986111111103
1 0.668578125 0.8994166666666668 0.08531054687499999 0.16942013888888868
2 0.674609375 0.8701388888888889 0.12734375 0.25972222222222224
3 0.672046875 0.7992777777777778 0.04752734375000003 0.07918402777777785
2 0.58984375 0.02361111111111111 0.0234375 0.04722222222222222
1 0.5921875 0.005555555555555556 0.0203125 0.011111111111111112