2 0.5533203125 0.9129305555555555 0.08916406250000009 0.17413888888888904
1 0.548546875 0.9386111111111111 0.05355468749999996 0.1227777777777779
3 0.56046875 0.9047222222222222 0.044546874999999986 0.08923611111111111
2 0.942984375 0.9376527777777778 0.07028125000000003 0.12469444444444441
3 0.9449375 0.9203472222222222 0.04031249999999993 0.0714583333333334
2 0.7487421875 0.2155 0.03952343749999994 0.13777777777777775
3 0.75503125 0.16044444444444445 0.014460937499999993 0.024708333333333322
1 0.7520390625 0.19179166666666667 0.028046875000000072 0.048041666666666635
2 0.9641171875 0.41815277777777776 0.07008593750000003 0.19006944444444449
4 0.9705390625 0.38943055555555556 0.03279687500000002 0.06973611111111117
0 0.980328125 0.35011111111111115 0.022875000000000156 0.03684722222222226