2 0.42957812500000003 0.1115 0.04226562499999993 0.1362222222222222
0 0.432296875 0.058361111111111114 0.019718750000000007 0.029916666666666675
4 0.432296875 0.09579166666666666 0.03273437500000007 0.046930555555555545
2 0.6432265625 0.08083333333333334 0.026414062499999957 0.08159722222222222
3 0.645296875 0.04515277777777778 0.016843749999999956 0.022430555555555544
1 0.6426796875 0.06929166666666667 0.02140625000000007 0.04634722222222223
2 0.5374609375 0.8053472222222222 0.09250781250000006 0.35370833333333346
3 0.5506640625 0.6833055555555556 0.04962499999999999 0.10015277777777763
1 0.5385703125 0.7869027777777778 0.06807031249999991 0.18731944444444462
2 0.6713671875 0.8710972222222223 0.09561718750000008 0.2578055555555554
3 0.67015625 0.8172222222222222 0.05411718749999998 0.09637500000000014
1 0.677109375 0.8901111111111111 0.07689843750000006 0.15687500000000007