2 0.496484375 0.23779166666666668 0.06314843749999995 0.1920659722222222
2 0.38978125 0.11375 0.033132812499999977 0.1403159722222222
2 0.34362499999999996 0.11065277777777778 0.044615234374999965 0.1500277777777778
2 0.6450625 0.0779861111111111 0.043671874999999895 0.08058680555555557
4 0.388609375 0.09116666666666667 0.02602148437500009 0.05942013888888889
1 0.3446328125 0.08590277777777779 0.03133593750000001 0.0664201388888889
1 0.501484375 0.2095 0.039773437500000064 0.08305555555555558
3 0.5043359374999999 0.15804166666666666 0.021183593750000007 0.03494791666666666
0 0.38721875 0.05602777777777778 0.01927343749999997 0.026718749999999996
3 0.34685156250000004 0.04722222222222222 0.01847656249999998 0.02461805555555555
1 0.643171875 0.065875 0.021986328124999944 0.03432638888888887
3 0.6497578125000001 0.052263888888888894 0.009244140624999985 0.014854166666666677