2 0.496484375 0.23779166666666668 0.05728124999999995 0.1877083333333334
2 0.38978125 0.11375 0.03096874999999999 0.13904166666666667
2 0.34362499999999996 0.11065277777777778 0.04096093749999996 0.14733333333333334
2 0.6450625 0.0779861111111111 0.03874999999999993 0.07234722222222223
4 0.388609375 0.09116666666666667 0.025179687500000013 0.05851388888888888
1 0.3446328125 0.08590277777777779 0.03081250000000004 0.06568055555555556
1 0.501484375 0.2095 0.03643750000000008 0.07805555555555554
3 0.5043359374999999 0.15804166666666666 0.01910937500000003 0.03145833333333334
0 0.38721875 0.05602777777777778 0.01771874999999996 0.02354166666666667
3 0.34685156250000004 0.04722222222222222 0.01765625000000002 0.02208333333333334
1 0.643171875 0.065875 0.01997656249999995 0.028972222222222222
3 0.6497578125000001 0.052263888888888894 0.008851562499999943 0.013583333333333334