0 0.14296875 0.24453125 0.2859375 0.4890625
0 0.38046875 0.2828125 0.1390625 0.4125
0 0.48984375 0.24140625 0.0796875 0.2078125
0 0.5784167574689848 0.189812718902194 0.1797616366622936 0.20086264951546742
0 0.7127539601139381 0.16629917322545396 0.1975707629424182 0.23945525595208467
0 0.8498598469879933 0.12298122593955951 0.18359926820408995 0.24003441015912913
0 0.9484375 0.1078125 0.103125 0.215625
0 0.14921875 0.753125 0.2984375 0.49375
0 0.5109375 0.93046875 0.121875 0.1390625
0 0.65078125 0.91953125 0.1921875 0.1609375
0 0.7956042574689848 0.891375218902194 0.1797616366622936 0.2008626495154675
0 0.91484375 0.8671875 0.1703125 0.240625