0 0.36875 0.0421875 0.1625 0.084375
0 0.88515625 0.12265625 0.2296875 0.2453125
0 0.5453125 0.159375 0.190625 0.31875
0 0.11015625 0.64453125 0.2203125 0.6515625
0 0.38984375 0.43828125 0.1203125 0.2390625
0 0.3234375 0.78203125 0.253125 0.4296875
0 0.50625 0.83828125 0.1125 0.1921875
0 0.6000364795941217 0.8420792111021586 0.11681422752138851 0.19801183674699843
0 0.6921754614508346 0.8639171427710117 0.12857193374194403 0.2080238735787013
0 0.7999196109324549 0.8584190297156541 0.13542752648462936 0.19754139988706038
0 0.923200577520603 0.8263661219360857 0.14480252648462938 0.1980874314570915