0 0.2953125 0.2671875 0.384375 0.265625
0 0.64296875 0.1046875 0.1265625 0.209375
0 0.7704797055387901 0.13840711956423402 0.13053517824559702 0.19588606909549372
0 0.8771663531814251 0.15645523108338252 0.10895127667402064 0.20035042848861018
0 0.95625 0.190625 0.0875 0.209375
0 0.08849334325662772 0.686909810760544 0.12017987510244388 0.20749324879205205
0 0.1850644363083677 0.7718425333397988 0.13318929735218488 0.21945111485312835
0 0.289572153843379 0.8099480533436783 0.11698210049533805 0.20567565727678278
0 0.3880289245215433 0.8351071631958366 0.12835624813797325 0.21594347758022464
0 0.51484375 0.8703125 0.1296875 0.196875
0 0.68359375 0.43515625 0.1359375 0.0703125
0 0.8 0.46953125 0.171875 0.1390625
0 0.9484375 0.48125 0.103125 0.1625
0 0.7815328296077766 0.7738030013771258 0.09670814185166696 0.2382650166698994